170
25
3
2.0
0.0
5
150
26
1
25
9
10
6
30
0
100
20
3
2.0
0.0
10
125
12
0
12
8
10
4
30
0
210
0
0
0.0
0.0
0
15
58
0
58
0
0
0
0
0
0
0
0
0.0
0.0
0
0
0
0
0
0
0
0
0
0
0
0
0
0.0
0.0
0
30
0
0
0
0
0
0
0
0
0
0
0
0.0
0.0
0
75
0
0
0
0
0
0
0
0
210
0
0
0.0
0.0
0
75
56
0
56
0
0
0
0
0
240
0
0
0.0
0.0
0
10
64
0
64
0
0
210
0
0
0
0
0
0.0
0.0
0
15
0
0
0
0
0
0
0
0
100
0
0
0.0
0.0
0
15
23
0
22
0
0
100
10
0
190
0
0
0.0
0.0
0
0
39
0
39
3
0
180
4
0
150
0
0
0.0
0.0
0
130
39
0
31
0
0
0
0
0
210
0
0
0.0
0.0
0
55
56
0
56
0
0
0
0
0
180
0
0
0.0
0.0
0
10
45
0
45
1
0
0
0
0
560
240
27
9.0
1.0
260
1300
56
3
7
24
20
2
20
20
510
190
21
7.0
0.5
45
1230
55
3
7
25
10
2
20
15
420
210
23
12.0
0.0
235
1160
37
2
3
15
10
0
15
15
360
160
17
10.0
0.0
20
1130
36
2
3
16
2
0
15
10
420
160
18
8.0
0.0
240
1110
48
2
15
15
10
0
20
15
360
110
12
6.0
0.0
25
1080
46
2
15
16
2
0
15
10
640
330
37
14.0
0.0
35
1590
50
3
3
26
0
2
10
15
990
410
46
16.0
0.0
55
2170
110
6
17
35
0
2
25
30
1090
510
56
19.0
0.0
575
2150
111
6
17
36
15
2
25
40
740
430
48
17.0
0.0
555
1560
51
3
3
28
15
2
15
25
460
170
19
9.0
0.0
15
370
66
3
32
6
4
0
6
15
300
110
12
5.0
0.0
260
820
30
2
3
18
10
0
30
20
250
60
7
3.0
0.0
25
800
32
5
3
18
4
0
25
10
290
40
5
2.0
0.0
10
160
57
5
32
5
2
130
10
10
260
40
5
2.0
0.0
10
115
48
5
18
5
2
130
6
10
150
80
9
2.0
0.0
0
310
15
2
0
1
0
2
0
2
350
80
9
2.0
0.0
20
590
60
3
14
8
0
0
15
15
520
210
24
7.0
0.0
50
930
61
3
14
15
0
0
15
15
430
240
27
12.0
0.0
30
1080
34
2
2
11
0
0
6
15
460
250
27
12.0
0.0
35
1180
34
2
3
18
0
0
8
15
510
290
33
14.0
0.0
250
1170
36
2
2
18
6
0
10
20
300
140
16
7.0
0.0
115
830
26
1
2
12
10
2
15
15
420
200
22
8.0
0.0
35
1030
44
2
15
11
0
0
8
10
400
200
22
8.0
0.0
50
910
31
5
2
22
4
0
25
10
370
200
22
8.0
0.0
45
850
29
2
2
14
6
2
25
15
450
250
27
10.0
0.0
285
920
30
2
2
21
10
2
30
20
560
290
32
12.0
0.0
265
1360
48
2
15
20
10
0
20
15
500
230
26
10.0
0.0
50
1320
46
2
15
21
2
0
20
10
210
70
8
2.0
0.0
5
60
31
2
25
4
0
170
8
2
410
180
20
8.0
0.0
30
1180
41
2
3
17
0
2
6
15
790
350
39
17.0
2.0
145
2070
63
4
13
45
10
4
25
35
800
350
39
18.0
2.0
145
2020
66
4
16
45
10
2
25
35
750
350
39
16.0
2.0
135
1700
61
4
10
40
15
8
25
35
770
360
40
17.0
2.0
135
1170
59
4
8
44
8
0
40
35
540
260
29
10.0
2.0
75
1040
45
3
9
25
6
2
25
25
460
220
24
8.0
2.0
70
720
37
3
8
24
6
8
15
25
510
250
28
11.0
2.0
85
960
38
3
8
27
10
8
20
25
300
110
12
6.0
1.0
40
750
33
2
6
15
6
2
20
15
440
220
24
9.0
1.5
70
770
33
2
7
23
6
6
20
20
440
210
23
11.0
2.0
80
1150
34
2
7
25
10
2
25
20
740
380
42
19.0
3.0
155
1380
40
3
9
48
10
4
30
35
380
170
18
4.0
0.0
40
640
38
2
5
15
2
0
15
10
310
120
13
6.0
0.5
40
660
33
2
7
15
2
0
20
15
250
80
9
4.0
1.0
25
520
31
2
6
12
0
2
10
15
380
160
17
3.0
0.0
35
1030
41
2
22
15
0
0
15
15
360
150
16
3.0
0.0
35
830
40
2
5
14
0
2
10
15
390
170
19
8.0
1.0
65
920
33
2
7
22
6
2
20
20
500
240
26
10.0
0.0
70
980
44
3
11
22
2
2
15
20
510
200
22
4.0
0.0
45
990
56
3
10
24
4
6
15
20
620
260
29
7.0
0.0
70
1200
57
3
11
31
8
6
30
20
540
210
23
5.0
0.0
55
1170
56
3
11
27
4
6
15
20
350
80
9
2.0
0.0
65
820
42
3
8
28
4
8
15
20
460
150
16
6.0
0.0
90
1030
43
3
9
35
8
8
30
20
380
90
10
3.0
0.0
75
1000
42
3
9
31
4
8
15
20
600
270
30
8.0
0.5
70
1420
54
3
7
30
15
10
15
20
440
150
16
6.0
0.0
90
1250
40
3
5
33
15
15
15
20
590
260
29
8.0
0.5
60
1300
56
3
8
26
15
15
20
20
430
140
16
6.0
0.0
80
1130
42
3
6
30
15
15
15
20
520
200
22
4.5
0.0
45
1200
58
3
12
23
10
6
8
20
360
80
9
2.5
0.0
65
1030
44
2
10
27
10
8
8
20
510
230
26
12.0
2.0
90
1190
40
3
9
29
10
4
30
25
420
170
19
3.0
0.0
45
930
43
2
7
21
2
2
15
15
470
270
30
5.0
0.0
65
900
30
2
0
22
0
4
2
6
940
530
59
10.0
0.0
135
1800
59
3
0
44
0
8
4
10
190
110
12
2.0
0.0
25
360
12
1
0
9
0
2
0
2
280
160
18
3.0
0.0
40
540
18
1
0
13
0
2
2
4
470
250
28
4.0
0.0
50
730
33
2
1
22
0
2
2
6
1050
560
63
9.0
0.0
110
1620
73
5
1
48
0
2
6
15
310
170
19
3.0
0.0
35
490
22
1
0
14
0
0
2
4
380
210
23
4.0
0.0
55
750
21
1
0
23
0
4
2
4
640
340
38
6.0
0.0
90
1240
36
1
0
38
0
6
4
6
170
80
9
1.0
0.0
15
300
15
1
0
8
0
0
2
2
370
180
20
2.4
0.0
35
630
31
2
1
17
0
0
4
6
740
350
39
5.0
0.0
70
1260
63
4
1
33
0
0
6
10
250
120
13
2.0
0.0
25
420
21
1
0
11
0
0
2
4
910
500
55
10.0
0.0
120
1990
61
1
1
46
15
4
10
10
270
150
17
3.0
0.0
35
600
18
0
0
14
4
0
2
2
140
70
8
5.0
0.0
25
105
11
0
11
8
4
0
25
2
240
50
6
4.0
0.0
20
150
41
0
40
6
4
0
20
2
280
70
8
5.0
0.0
25
170
43
0
43
8
4
0
30
2
290
100
12
7.0
0.0
25
180
39
0
38
8
10
0
30
2
0
0
0
0.0
0.0
0
0
0
0
0
0
0
0
0
0
240
50
6
4.0
0.0
20
85
42
0
42
6
6
0
20
2
280
70
8
5.0
0.0
25
110
45
0
45
8
8
0
30
2
380
130
15
9.0
1.0
30
170
53
0
45
10
8
0
35
4
310
50
6
4.0
0.0
10
190
55
0
47
11
15
0
40
4
180
40
5
3.0
0.0
15
120
31
0
31
4
2
0
15
2
300
120
14
8.0
0.0
30
160
36
0
33
8
10
0
25
2
190
70
8
5.0
0.0
30
115
27
0
27
2
6
0
6
0
190
70
8
5.0
0.0
30
60
29
0
29
2
8
0
6
0
200
70
8
5.0
0.0
30
60
30
0
30
2
6
0
6
0
90
70
8
5.0
0.0
30
100
11
0
2
2
6
0
6
0
190
70
8
5.0
0.0
30
60
29
0
28
2
6
0
6
0
180
40
5
3.0
0.0
15
65
33
0
33
4
6
0
15
2
100
50
6
4.0
0.0
15
80
8
0
8
6
4
0
20
2
310
120
13
8.0
0.0
25
140
42
0
35
7
6
0
20
4
270
70
8
5.0
0.0
10
140
43
0
35
7
10
0
25
4
190
40
5
3.0
0.0
15
70
33
0
33
5
2
0
15
2
180
90
10
6.0
0.0
30
130
13
0
13
10
6
0
35
2
250
40
5
3.0
0.0
5
180
43
0
39
9
10
2
25
2
530
140
15
10.0
1.0
60
160
86
0
73
11
20
0
40
0
330
110
12
7.0
0.0
25
150
48
0
41
7
6
0
25
4
280
50
6
4.0
0.0
10
160
50
0
42
8
10
0
25
4
220
0
0
0.0
0.0
5
180
45
0
45
9
10
0
30
2
240
35
4
3.0
0.0
5
200
41
0
38
9
10
2
25
2
220
0
0
0.0
0.0
5
115
46
0
46
9
15
0
30
2
110
0
0
0.0
0.0
5
140
15
0
15
10
10
0
40
2
90
0
0
0.0
0.0
5
160
22
0
13
9
10
0
35
2
220
0
0
0.0
0.0
5
115
46
0
46
9
10
0
30
2
120
60
6
4.0
0.0
20
130
18
0
9
6
4
0
20
2
160
70
8
5.0
0.0
25
150
21
0
11
8
6
0
30
2
240
50
6
4.0
0.0
20
85
42
0
42
6
4
0
20
2
280
70
8
5.0
0.0
25
110
44
0
44
8
4
0
30
2
140
70
7
4.0
0.0
25
300
10
3
4
9
160
30
15
8
390
190
22
6.0
0.0
70
870
24
4
7
26
160
35
15
10
230
80
9
4.0
0.0
85
700
10
4
5
30
160
35
15
10
90
35
4
3.0
0.0
10
180
9
3
4
7
160
30
20
8
350
170
18
5.0
0.0
55
740
24
4
7
23
160
35
20
10
190
50
5
3.0
0.0
70
580
10
4
5
27
160
35
20
10
140
40
5
2.0
0.0
10
150
20
6
6
6
160
25
15
10
450
190
21
5.0
0.0
50
820
42
7
13
23
160
30
15
15
290
70
8
3.0
0.0
70
650
28
7
11
27
160
35
15
15
390
190
21
9.0
1.0
75
1080
28
1
4
21
6
2
10
20
400
190
22
10.0
1.0
75
1060
30
1
6
21
6
2
10
20
410
220
25
10.0
2.0
75
990
27
2
3
20
8
4
10
20
430
230
26
10.0
2.0
75
730
27
2
2
22
4
0
15
20
330
140
15
5.0
0.0
30
720
34
1
4
14
4
2
10
10
250
70
8
4.0
0.0
40
670
27
1
5
16
4
2
10
10
330
140
15
5.0
0.0
30
700
33
1
4
14
2
2
10
10
250
70
8
4.0
0.0
45
650
27
1
4
16
2
2
10
10
330
170
19
7.0
1.0
45
690
26
1
3
15
2
0
8
15
350
170
19
5.0
0.0
35
750
31
1
2
14
2
2
10
10
270
110
12
4.0
0.0
45
700
25
1
2
16
2
2
10
10
35
0
0
0.0
0.0
0
0
8
0
6
0
0
310
4
0
160
20
2
1.0
0.0
5
85
31
1
21
4
0
15
15
4
100
45
5
1.0
0.0
0
70
13
1
0
1
0
4
0
2
500
220
25
4.0
0.0
0
350
63
6
0
6
0
20
2
8
380
170
19
3.0
0.0
0
270
48
5
0
4
0
15
2
6
20
0
0
0.0
0.0
0
10
4
1
2
1
45
25
2
4
230
100
11
2.0
0.0
0
160
29
3
0
3
0
8
2
4
210
70
8
2.0
0.0
5
60
31
2
25
4
0
170
8
2
